$coord angs
  3.310642258561  0.079496043137 -0.174706477834 c
  1.831203613862 -0.126814377411 -0.472525646892 c
  0.947742490163  0.356201469344  0.683859912021 c
 -0.504305624335  0.142834508813  0.367628625327 c
 -1.131588225295 -1.053113473988  0.692738427741 c
 -2.459880655347 -1.265682825259  0.369769174547 c
 -3.180409775142 -0.283159327442 -0.287285017781 c
 -2.564349592115  0.911186679218 -0.619312615251 c
 -1.235892009329  1.120314847106 -0.294779819630 c
  3.524209021921  1.133724192964 -0.010765537705 h
  3.601185721603 -0.470404705277  0.718085815315 h
  3.920010865757 -0.268746355219 -1.005510755086 h
  1.559434102647  0.416648124338 -1.380297271854 h
  1.636369786315 -1.186597949611 -0.651852350312 h
  1.215867440712 -0.192041057055  1.589717553698 h
  1.138630283558  1.417387319902  0.858460520622 h
 -0.574143889563 -1.822984798819  1.207900275381 h
 -2.934919320985 -2.199927268685  0.632703497715 h
 -4.218267968124 -0.446855633174 -0.537943288196 h
 -3.121248350788  1.682700088540 -1.131406069457 h
 -0.760290174080  2.055834498577 -0.554478952367 h
$end
