-0.025       0.000000
-0.024       0.000000
-0.023       0.000000
-0.022       0.000000
-0.021       0.000000
-0.020       0.000000
-0.019       0.000000
-0.018       0.000000
-0.017       0.000000
-0.016       0.000000
-0.015       0.000000
-0.014       0.000000
-0.013       0.000000
-0.012       0.000000
-0.011       0.781196
-0.010       5.124326
-0.009       3.742147
-0.008       4.051391
-0.007       0.247460
-0.006       1.964650
-0.005       5.054786
-0.004       0.112124
-0.003       0.339525
-0.002       0.957581
-0.001       1.364509
 0.000       1.436236
 0.001       7.107136
 0.002       2.910449
 0.003       1.393025
 0.004       2.974578
 0.005       5.545527
 0.006       5.595761
 0.007       2.149371
 0.008       0.719911
 0.009       1.889998
 0.010       1.229018
 0.011       0.318351
 0.012       0.769953
 0.013       0.000000
 0.014       0.000000
 0.015       0.000000
 0.016       0.000000
 0.017       0.000000
 0.018       0.000000
 0.019       0.000000
 0.020       0.000000
 0.021       0.000000
 0.022       0.000000
 0.023       0.000000
 0.024       0.000000
 0.025       0.000000
-0.025       0.000000
-0.024       0.000000
-0.023       0.000000
-0.022       0.000000
-0.021       0.000000
-0.020       0.000000
-0.019       0.000000
-0.018       0.000000
-0.017       0.000000
-0.016       0.000000
-0.015       0.000000
-0.014       0.000000
-0.013       0.000000
-0.012       0.000000
-0.011       0.000000
-0.010       0.000000
-0.009       0.000000
-0.008       0.000000
-0.007       0.000000
-0.006       0.000000
-0.005       0.000000
-0.004       0.000000
-0.003       0.000000
-0.002       0.000000
-0.001       0.000000
 0.000       0.000000
 0.001       0.037063
 0.002       0.073797
 0.003       0.054162
 0.004       0.070629
 0.005       0.968806
 0.006       1.001560
 0.007       0.244495
 0.008       0.000000
 0.009       0.000000
 0.010       0.000000
 0.011       0.000000
 0.012       0.000000
 0.013       0.000000
 0.014       0.000000
 0.015       0.000000
 0.016       0.000000
 0.017       0.000000
 0.018       0.000000
 0.019       0.000000
 0.020       0.000000
 0.021       0.000000
 0.022       0.000000
 0.023       0.000000
 0.024       0.000000
 0.025       0.000000
-0.025       0.000000
-0.024       0.000000
-0.023       0.000000
-0.022       0.000000
-0.021       0.000000
-0.020       0.000000
-0.019       0.000000
-0.018       0.000000
-0.017       0.000000
-0.016       0.000000
-0.015       0.000000
-0.014       0.000000
-0.013       0.000000
-0.012       0.000000
-0.011       0.000000
-0.010       0.000000
-0.009       0.000000
-0.008       0.000000
-0.007       0.000000
-0.006       0.000000
-0.005       0.000000
-0.004       0.000000
-0.003       0.000000
-0.002       0.000000
-0.001       0.000000
 0.000       0.000000
 0.001       0.000000
 0.002       0.000000
 0.003       0.000000
 0.004       0.000000
 0.005       0.000000
 0.006       0.000000
 0.007       0.000000
 0.008       0.000000
 0.009       0.000000
 0.010       0.000000
 0.011       0.000000
 0.012       0.000000
 0.013       0.000000
 0.014       0.000000
 0.015       0.000000
 0.016       0.000000
 0.017       0.000000
 0.018       0.000000
 0.019       0.000000
 0.020       0.000000
 0.021       0.000000
 0.022       0.000000
 0.023       0.000000
 0.024       0.000000
 0.025       0.000000
