           1           2   1.01872188932698     
           2           3  0.988302307579483     
           3           4   1.01303731524015     
           4           5   1.41151096545407     
           5           6   1.44620972405299     
           4           7  0.109723951286944     
           6           7   1.43800078567043     
           5           8  0.110821431493632     
           7           8   1.43800047595449     
           4           9   1.41151125805644     
           6           9  0.110821275632791     
           8           9   1.44620991973658     
           1          10  0.987674380121788     
           1          11  0.987674186379060     
           1          12  0.986619183185090     
           2          13  0.979034815429454     
           2          14  0.979035554924499     
           3          15  0.972831331748587     
           3          16  0.972832326098949     
           5          17  0.969350666946300     
           6          18  0.971260763965881     
           7          19  0.971657429716933     
           8          20  0.971260798082612     
           9          21  0.969349966585158     
