   -0.10304100
    0.01687080
   -0.10257860
    0.01039899
   -0.03682201
   -0.03428065
   -0.03689920
   -0.03490339
   -0.04149093
   -0.00422767
   -0.03745728
   -0.06320176
    0.06558115
   -0.15875497
    0.06554227
   -0.05972383
   -0.04298414
   -0.00422006
    0.01687911
   -0.10257045
   -0.10302519
    0.01036241
   -0.03681499
   -0.03427562
   -0.03691148
   -0.03487335
   -0.04146516
   -0.03743058
   -0.06319037
   -0.05977974
   -0.04306078
    0.04191787
    0.03575980
    0.03698756
    0.03525683
    0.04324379
    0.03710918
    0.02569002
    0.02622955
    0.02629083
    0.02785139
    0.03856522
    0.02252243
    0.02804895
    0.17936883
    0.03270946
    0.03643988
    0.03710909
    0.04324821
    0.03524450
    0.04192170
    0.03576142
    0.03698958
    0.02566478
    0.02622550
    0.02629133
    0.02784370
    0.03856624
    0.02250219
    0.02785817
    0.03269250
    0.03643797
