$coord angs
  5.415598080410 -2.295754309477  0.475691969347 c
  5.211247125226 -0.830106758113  0.886144852261 c
  5.393971678412 -0.726647762253  2.407145280176 c
  6.223202997844  0.113800089121  0.255990845521 c
  5.974301289624  1.482753238168  0.311265743468 c
  6.872156876395  2.393043150546 -0.211820189326 c
  8.044353939151  1.951454338735 -0.802481269228 c
  8.304670135956  0.594994311388 -0.860665165145 c
  7.403253236630 -0.315993208378 -0.334271688569 c
  3.820893337209 -0.427215346371  0.423210289860 c
  3.602997958362 -0.237836012977 -0.939531681967 c
  2.356766166378  0.086313379998 -1.428209994454 c
  1.267401030733  0.231529580835 -0.565871291261 c
  0.039266338547  0.581788134495 -1.097355059643 n
 -1.224556191217  0.403019144814 -0.564188389047 c
 -1.522182433725 -0.586168433158  0.370388631272 c
 -2.808574652659 -0.731646155915  0.856440457322 c
 -3.844151390311  0.081687134206  0.419178154305 c
 -5.267602261996 -0.006325945203  0.944301195091 c
 -5.528996253988 -1.275238931758  1.768356662468 c
 -5.488504431582  1.211571050746  1.853303047633 c
 -6.218770208789 -0.047692881908 -0.241310958563 c
 -5.936868421876 -0.925476777166 -1.284894378873 c
 -6.780799235224 -1.034862090357 -2.373107481169 c
 -7.930910870828 -0.266304242049 -2.440108497855 c
 -8.223716302343  0.606556095188 -1.408840368734 c
 -7.376426851538  0.713633998713 -0.317888977622 c
 -3.548362171045  1.046694389273 -0.540862282987 c
 -2.269477303116  1.206663764946 -1.026493372517 c
  1.487845982793  0.076971888043  0.800885214050 c
  2.741937964723 -0.256467677060  1.278679670790 c
  6.347046295928 -2.688599359497  0.876971714954 h
  4.597349435865 -2.895337977287  0.870646101077 h
  5.420137685265 -2.400792403605 -0.606445162249 h
  6.431715014057 -0.937895390161  2.659406205495 h
  4.765381608292 -1.448213110719  2.924029817179 h
  5.156944356376  0.273534789397  2.761466830877 h
  5.057932726342  1.835752480768  0.762859219762 h
  6.656962237752  3.450650989036 -0.159464740568 h
  8.748341437382  2.660027437158 -1.213692697674 h
  9.216514544635  0.238706449027 -1.318542424709 h
  7.635111675425 -1.367777552255 -0.394065486759 h
  4.429516002303 -0.338322422912 -1.628508187289 h
  2.214770407192  0.232821248184 -2.490305123910 h
  0.069559927375  1.030836256326 -2.000847772844 h
 -0.750419805007 -1.264936236095  0.698379978274 h
 -2.991940682846 -1.509855380119  1.580446658186 h
 -5.284838759408 -2.168072704313  1.197983170694 h
 -4.948508071236 -1.267741030133  2.688100448394 h
 -6.584048284064 -1.320706416291  2.032875661751 h
 -6.450284158991  1.154295840101  2.357929236282 h
 -4.708891918263  1.237402195396  2.612616771463 h
 -5.437684936285  2.136948971773  1.284824782387 h
 -5.037015544073 -1.522918267064 -1.244832713358 h
 -6.540671430493 -1.721310431685 -3.172301727463 h
 -8.592697850514 -0.348098459413 -3.289883052503 h
 -9.118805401702  1.210864564581 -1.449823115740 h
 -7.632634971091  1.402932391692  0.471293515131 h
 -4.339036211970  1.678220691218 -0.920239866461 h
 -2.066749802580  1.960180155432 -1.775351212824 h
  0.681700184027  0.246418697932  1.497547275163 h
  2.865279132159 -0.367753173550  2.344428431160 h
$end
