-0.025       0.000000
-0.024       0.000000
-0.023       0.000000
-0.022       0.000000
-0.021       0.000000
-0.020       0.000000
-0.019       0.000000
-0.018       0.000000
-0.017       0.000000
-0.016       0.000000
-0.015       0.000000
-0.014       0.000000
-0.013       0.000000
-0.012       0.000000
-0.011       0.000000
-0.010       0.000000
-0.009       0.000000
-0.008       0.000000
-0.007       0.000000
-0.006       0.000000
-0.005       0.000000
-0.004       0.000000
-0.003       0.000000
-0.002       0.024311
-0.001     226.441607
 0.000     545.520915
 0.001     160.994960
 0.002       6.285434
 0.003       3.953440
 0.004       3.377958
 0.005       2.626667
 0.006       0.414256
 0.007       0.000000
 0.008       0.000000
 0.009       0.000000
 0.010       0.000000
 0.011       0.000000
 0.012       0.000000
 0.013       0.000000
 0.014       0.000000
 0.015       0.000000
 0.016       0.000000
 0.017       0.000000
 0.018       0.000000
 0.019       0.000000
 0.020       0.000000
 0.021       0.000000
 0.022       0.000000
 0.023       0.000000
 0.024       0.000000
 0.025       0.000000
-0.025       0.000000
-0.024       0.000000
-0.023       0.000000
-0.022       0.000000
-0.021       0.000000
-0.020       0.000000
-0.019       0.000000
-0.018       0.000000
-0.017       0.000000
-0.016       0.000000
-0.015       0.000000
-0.014       0.000000
-0.013       0.000000
-0.012       0.000000
-0.011       0.000000
-0.010       0.000000
-0.009       0.000000
-0.008       0.000000
-0.007       0.000000
-0.006       0.000000
-0.005       0.000000
-0.004       0.000000
-0.003       0.000000
-0.002       0.000000
-0.001       0.000000
 0.000       0.000000
 0.001       0.000000
 0.002       0.000000
 0.003       0.000000
 0.004       0.000000
 0.005       0.000000
 0.006       0.000000
 0.007       0.000000
 0.008       0.000000
 0.009       0.000000
 0.010       0.000000
 0.011       0.000000
 0.012       0.000000
 0.013       0.000000
 0.014       0.000000
 0.015       0.000000
 0.016       0.000000
 0.017       0.000000
 0.018       0.000000
 0.019       0.000000
 0.020       0.000000
 0.021       0.000000
 0.022       0.000000
 0.023       0.000000
 0.024       0.000000
 0.025       0.000000
-0.025       0.000000
-0.024       0.000000
-0.023       0.000000
-0.022       0.000000
-0.021       0.000000
-0.020       0.000000
-0.019       0.000000
-0.018       0.000000
-0.017       0.000000
-0.016       0.000000
-0.015       0.000000
-0.014       0.000000
-0.013       0.000000
-0.012       0.000000
-0.011       0.000000
-0.010       0.000000
-0.009       0.000000
-0.008       0.000000
-0.007       0.000000
-0.006       0.000000
-0.005       0.000000
-0.004       0.000000
-0.003       0.000000
-0.002       0.000000
-0.001       0.000000
 0.000       0.000000
 0.001       0.039214
 0.002       0.132256
 0.003       0.149661
 0.004       0.317822
 0.005       0.324462
 0.006       0.049623
 0.007       0.000000
 0.008       0.000000
 0.009       0.000000
 0.010       0.000000
 0.011       0.000000
 0.012       0.000000
 0.013       0.000000
 0.014       0.000000
 0.015       0.000000
 0.016       0.000000
 0.017       0.000000
 0.018       0.000000
 0.019       0.000000
 0.020       0.000000
 0.021       0.000000
 0.022       0.000000
 0.023       0.000000
 0.024       0.000000
 0.025       0.000000
