           1           2  0.985074917885045     
           2           3  0.983815627283688     
           2           4  0.977542656652748     
           4           5   1.40236113195087     
           5           6   1.45500890445926     
           4           7  0.110315963841168     
           6           7   1.43000449303094     
           5           8  0.112176432038538     
           7           8   1.44587644991848     
           4           9   1.42155953158326     
           6           9  0.108901860835193     
           8           9   1.43586338463879     
           2          10  0.977151133499348     
          10          11   1.38826728721021     
          11          12   1.47599196721269     
          12          13   1.34040971452341     
          13          14   1.11862070475771     
          14          15   1.11863212582903     
          15          16   1.35823938032839     
          16          17   1.44964930314995     
          17          18   1.41298768699584     
          18          19  0.977153221196432     
          19          20  0.983814538405305     
          19          21  0.985073108933870     
          19          22  0.977542912171167     
          22          23   1.40236244788889     
          23          24   1.45500690844225     
          22          25  0.110315436187749     
          24          25   1.43000582219864     
          23          26  0.112176203925621     
          25          26   1.44587572282086     
          22          27   1.42155847296026     
          24          27  0.108902639547005     
          26          27   1.43586438512989     
          16          28  0.102944209546306     
          18          28   1.38827769335974     
          15          29   1.34041289746291     
          17          29  0.100783368377183     
          28          29   1.47597532186098     
          11          30  0.102939684929021     
          13          30   1.35824805269745     
          10          31   1.41299795125061     
          12          31  0.100787095357285     
          30          31   1.44963700778303     
           1          32  0.981884891465788     
           1          33  0.985400624569335     
           1          34  0.984885944327532     
           3          35  0.985355511861567     
           3          36  0.981814566100117     
           3          37  0.984819194785993     
           5          38  0.968039705000859     
           6          39  0.971201977488886     
           7          40  0.971602890664538     
           8          41  0.971273218169966     
           9          42  0.966056230888976     
          11          43  0.968092183355236     
          12          44  0.967764748187175     
          14          45  0.931756576717515     
          16          46  0.966182393804027     
          17          47  0.965959115171697     
          20          48  0.984819364588241     
          20          49  0.981814034057423     
          20          50  0.985356459892548     
          21          51  0.981884244017297     
          21          52  0.985400401922392     
          21          53  0.984885928773120     
          23          54  0.968041166071681     
          24          55  0.971202256761644     
          25          56  0.971602842975765     
          26          57  0.971274008745942     
          27          58  0.966056268873117     
          28          59  0.968093502833454     
          29          60  0.967777066088916     
          30          61  0.966182233348236     
          31          62  0.965958467822287     
