$coord angs
  2.382186477883 -1.173054396599 -0.161348335293 c
  1.402431585391 -0.040662027092 -0.082026973002 c
  1.846623405751  1.256631437394 -0.081880284849 c
  0.957321234614  2.338171688151 -0.008811768051 c
 -0.387399339866  2.117220682385  0.064657141099 c
 -0.894658374988  0.801170001486  0.067788544253 c
 -2.280882557090  0.551451337232  0.143087485966 c
 -2.766379025546 -0.725196006382  0.145743868658 c
 -1.880993677488 -1.809996928055  0.072835083903 c
 -0.531871173702 -1.600954509839 -0.001126427812 c
  0.005938153920 -0.295588094184 -0.006238586044 c
  3.398990874043 -0.791295311279 -0.212601398462 h
  2.198354917362 -1.780642374198 -1.046844312491 h
  2.300337721866 -1.815791411440  0.714579497321 h
  2.907392701305  1.457636988376 -0.139302737412 h
  1.349107155572  3.345020783210 -0.011422933523 h
 -1.082567497280  2.942737773367  0.121377963393 h
 -2.953760748951  1.395794402418  0.198893601908 h
 -3.829605095601 -0.907817366252  0.203675028080 h
 -2.274330627262 -2.816447916645  0.075541475038 h
  0.133763890063 -2.448388752054 -0.056575932681 h
$end
