           1           2   1.02740038665970     
           2           3   1.52762192240531     
           3           4   1.32279630819751     
           2           5  0.114474537181800     
           4           5   1.55695462864484     
           5           6   1.27534631747227     
           6           7   1.28104116026565     
           7           8   1.55553491373562     
           8           9   1.32372269336211     
           7          10  0.118302557432350     
           9          10   1.55337024175679     
           2          11   1.24794638701140     
           6          11   1.25625522916309     
          10          11   1.28613260884893     
           1          12  0.984382270268667     
           1          13  0.969999703102691     
           1          14  0.969996871201490     
           3          15  0.968452397365318     
           4          16  0.970850396417446     
           5          17  0.968459196074968     
           7          18  0.968384845922595     
           8          19  0.971022886711701     
           9          20  0.971112189509701     
          10          21  0.966126930116108     
