-0.025       0.000000
-0.024       0.000000
-0.023       0.000000
-0.022       0.000000
-0.021       0.000000
-0.020       0.000000
-0.019       0.000000
-0.018       0.000000
-0.017       0.000000
-0.016       0.000000
-0.015       0.000000
-0.014       0.000000
-0.013       0.000000
-0.012       0.000000
-0.011       0.277788
-0.010       5.107625
-0.009       3.047428
-0.008       5.068852
-0.007       0.444827
-0.006       0.917564
-0.005       5.363521
-0.004       0.850476
-0.003       0.464794
-0.002       0.900231
-0.001       1.070413
 0.000       1.285301
 0.001       6.674155
 0.002       3.074176
 0.003       1.238913
 0.004       3.390911
 0.005       6.470204
 0.006       5.057652
 0.007       1.698521
 0.008       0.738178
 0.009       2.212137
 0.010       0.692751
 0.011       0.490300
 0.012       0.598004
 0.013       0.000000
 0.014       0.000000
 0.015       0.000000
 0.016       0.000000
 0.017       0.000000
 0.018       0.000000
 0.019       0.000000
 0.020       0.000000
 0.021       0.000000
 0.022       0.000000
 0.023       0.000000
 0.024       0.000000
 0.025       0.000000
-0.025       0.000000
-0.024       0.000000
-0.023       0.000000
-0.022       0.000000
-0.021       0.000000
-0.020       0.000000
-0.019       0.000000
-0.018       0.000000
-0.017       0.000000
-0.016       0.000000
-0.015       0.000000
-0.014       0.000000
-0.013       0.000000
-0.012       0.000000
-0.011       0.000000
-0.010       0.000000
-0.009       0.000000
-0.008       0.000000
-0.007       0.000000
-0.006       0.000000
-0.005       0.000000
-0.004       0.000000
-0.003       0.000000
-0.002       0.000000
-0.001       0.000000
 0.000       0.000000
 0.001       0.037027
 0.002       0.092582
 0.003       0.053886
 0.004       0.111643
 0.005       1.163226
 0.006       0.690361
 0.007       0.225427
 0.008       0.000000
 0.009       0.000000
 0.010       0.000000
 0.011       0.000000
 0.012       0.000000
 0.013       0.000000
 0.014       0.000000
 0.015       0.000000
 0.016       0.000000
 0.017       0.000000
 0.018       0.000000
 0.019       0.000000
 0.020       0.000000
 0.021       0.000000
 0.022       0.000000
 0.023       0.000000
 0.024       0.000000
 0.025       0.000000
-0.025       0.000000
-0.024       0.000000
-0.023       0.000000
-0.022       0.000000
-0.021       0.000000
-0.020       0.000000
-0.019       0.000000
-0.018       0.000000
-0.017       0.000000
-0.016       0.000000
-0.015       0.000000
-0.014       0.000000
-0.013       0.000000
-0.012       0.000000
-0.011       0.000000
-0.010       0.000000
-0.009       0.000000
-0.008       0.000000
-0.007       0.000000
-0.006       0.000000
-0.005       0.000000
-0.004       0.000000
-0.003       0.000000
-0.002       0.000000
-0.001       0.000000
 0.000       0.000000
 0.001       0.000000
 0.002       0.000000
 0.003       0.000000
 0.004       0.000000
 0.005       0.000000
 0.006       0.000000
 0.007       0.000000
 0.008       0.000000
 0.009       0.000000
 0.010       0.000000
 0.011       0.000000
 0.012       0.000000
 0.013       0.000000
 0.014       0.000000
 0.015       0.000000
 0.016       0.000000
 0.017       0.000000
 0.018       0.000000
 0.019       0.000000
 0.020       0.000000
 0.021       0.000000
 0.022       0.000000
 0.023       0.000000
 0.024       0.000000
 0.025       0.000000
