$coord angs
  3.474516685376 -0.343339796930  0.206720533128 c
  2.685085273095 -1.464646407056  0.027443361696 c
  1.296752734016 -1.351877867575 -0.057851177647 c
  0.449777415561 -2.484857650129 -0.242466686820 c
 -0.894136005959 -2.352056638744 -0.322424402625 c
 -1.519574919496 -1.073578032024 -0.225412062442 c
 -2.903460478391 -0.912405425496 -0.305053958213 c
 -3.474516506725  0.343339804581 -0.206720668268 c
 -2.685085164597  1.464646326834 -0.027443480540 c
 -1.296752761230  1.351877858281  0.057851215127 c
 -0.449777628918  2.484857543101  0.242466822320 c
  0.894135820524  2.352056728552  0.322424577498 c
  1.519574877334  1.073578050676  0.225412104867 c
  2.903460632302  0.912405479379  0.305053915243 c
  0.702973477305 -0.069465430317  0.041824324828 c
 -0.702973537988  0.069465447341 -0.041824261364 c
  4.548035515275 -0.449421255157  0.270590782495 h
  3.140353515277 -2.441963497586 -0.048324574000 h
  0.913718233084 -3.458533736903 -0.317222846672 h
 -1.527019271735 -3.217348421308 -0.462437386947 h
 -3.528490375422 -1.782971260941 -0.445095466672 h
 -4.548035418004  0.449421253491 -0.270591081991 h
 -3.140353394900  2.441963560647  0.048324335874 h
 -0.913718329045  3.458533702633  0.317222997032 h
  1.527019150935  3.217348429263  0.462437630633 h
  3.528490462326  1.782971235390  0.445095453462 h
$end
