           1           2   1.44264465195367     
           2           3   1.35772711078149     
           3           4   1.19872943016053     
           4           5   1.65733486196821     
           5           6   1.19872922678127     
           6           7   1.35772728218541     
           7           8   1.44264339314209     
           8           9   1.44264472247638     
           9          10   1.35772706679414     
          10          11   1.19872952696358     
          11          12   1.65733481514165     
          12          13   1.19872920717885     
           1          14   1.44264349113499     
          13          14   1.35772717613250     
           3          15   1.25332683788908     
          13          15   1.25332747855147     
           6          16   1.25332740397716     
          10          16   1.25332682865553     
          15          16   1.25217647899147     
           1          17  0.970417402766055     
           2          18  0.968788782282937     
           4          19  0.967524707237187     
           5          20  0.967528823265729     
           7          21  0.968792872044007     
           8          22  0.970417395437513     
           9          23  0.968788764978539     
          11          24  0.967524694863371     
          12          25  0.967528836662114     
          14          26  0.968792887992627     
