   -0.10311163
   -0.05340645
   -0.05959968
   -0.05945990
   -0.05856392
   -0.05864710
   -0.05933248
   -0.05879387
   -0.05879143
   -0.05950899
   -0.05348229
   -0.10319106
    0.03361569
    0.03337615
    0.03351979
    0.02844587
    0.02839734
    0.02874824
    0.02920251
    0.02895876
    0.03136030
    0.02967595
    0.02907992
    0.02965217
    0.02907857
    0.03183573
    0.02949489
    0.02821771
    0.02866082
    0.02857206
    0.02857910
    0.02971200
    0.02960988
    0.02851935
    0.02852902
    0.03373879
    0.03354610
    0.03376209
