$coord angs
  6.353976398384  1.111433384209 -0.388781874423 c
  4.917348526621  0.768887979825 -0.763553198698 c
  4.188578744766  0.052534486916  0.370860107520 c
  2.748324424313 -0.293753689071  0.001025004522 c
  2.020840432246 -0.996826553212  1.145104992259 c
  0.615656330036 -1.469946892902  0.771745161283 c
 -0.359682467718 -0.325053791531  0.506823625686 c
 -1.778330201351 -0.832038150795  0.258559808952 c
 -2.753855928491  0.308596442612 -0.021386597168 c
 -4.172985420195 -0.196049451699 -0.269714328075 c
 -5.149405430340  0.943897198576 -0.549131712119 c
 -6.563322249855  0.432310298943 -0.795925950116 c
  6.375627917728  1.762313735287  0.482744823942 h
  6.854243878931  1.620215060926 -1.209652142640 h
  6.912410513161  0.207822527425 -0.153637955733 h
  4.379610376324  1.686185546719 -1.014718244909 h
  4.915976196559  0.132056502937 -1.651304690086 h
  4.728216122700 -0.863661488872  0.623102198830 h
  4.189502775304  0.690067108265  1.258402835457 h
  2.747899021237 -0.942508033730 -0.878355986095 h
  2.220844054571  0.624502288970 -0.262741191434 h
  1.957812861017 -0.321696433573  2.001927693979 h
  2.610367681491 -1.864297784996  1.453188263126 h
  0.673402357146 -2.107253227114 -0.113907578054 h
  0.224198230112 -2.079780972078  1.590138958357 h
 -0.031405127377  0.245348899395 -0.363636778115 h
 -0.363619551013  0.350418008292  1.365747828687 h
 -2.120455581296 -1.393204725378  1.131598802242 h
 -1.772057194845 -1.518377961664 -0.591721654412 h
 -2.758685002454  0.995591888194  0.828435404129 h
 -2.412356185857  0.868991733954 -0.895196375615 h
 -4.168095076599 -0.882359409080 -1.120024793848 h
 -4.514602158680 -0.756578001930  0.603876327989 h
 -5.154982301730  1.629994125293  0.301070239498 h
 -4.808549708317  1.504188066486 -1.422919144806 h
 -6.928338243178 -0.112794606834  0.071994131075 h
 -7.242142592405  1.259062349538 -0.992409123089 h
 -6.581966420944 -0.238236458303 -1.652481121275 h
$end
