           1           2   1.01911457954309     
           2           3   1.00777136011620     
           3           4   1.00696115528408     
           4           5   1.00787107537715     
           5           6   1.00610311843716     
           6           7   1.00782272143685     
           7           8   1.00666368887734     
           8           9   1.00683841067672     
           9          10   1.00705187880091     
          10          11   1.00772199940263     
          11          12   1.01911650561274     
           1          13  0.987985511297389     
           1          14  0.987493824015018     
           1          15  0.987989939925291     
           2          16  0.978623046533236     
           2          17  0.978667547810217     
           3          18  0.977415819156631     
           3          19  0.977603148047514     
           4          20  0.977312869266177     
           4          21  0.975745874918517     
           5          22  0.977439279585532     
           5          23  0.977034581360918     
           6          24  0.977427664803976     
           6          25  0.977031713510267     
           7          26  0.975717736602125     
           7          27  0.977291241504387     
           8          28  0.977425199073433     
           8          29  0.977612391476854     
           9          30  0.977550129045449     
           9          31  0.977509844911371     
          10          32  0.977515942673356     
          10          33  0.977518783498545     
          11          34  0.978641366056795     
          11          35  0.978641640131552     
          12          36  0.987975128272281     
          12          37  0.987482151000397     
          12          38  0.987975334984164     
