$coord angs
  2.047970173329  0.587992028336 -0.070332433723 c
  0.651519507665  0.260511021109 -0.026434305137 n
  0.199005625361 -1.098512528658  0.146978265139 c
 -1.300796417937 -0.944474092057  0.423931371015 c
 -1.653629726209  0.386943543566 -0.237030954710 c
 -0.335716158521  1.149088375458 -0.268880426107 c
 -0.180097453845  2.330366000067 -0.482428482203 o
  2.535001556949  0.319181359912  0.870324398058 h
  2.128924243395  1.662524999473 -0.227813744292 h
  2.545647963991  0.062717185165 -0.890469695173 h
  0.384653245630 -1.682339594392 -0.765428533719 h
  0.733158564342 -1.576452393374  0.973215217538 h
 -1.877423183028 -1.778521100726  0.029232145231 h
 -1.474299108283 -0.883792805180  1.498658975339 h
 -2.416819187722  0.951111136661  0.294658334221 h
 -1.987099645115  0.253656864641 -1.268180131478 h
$end
