-0.025       0.000000
-0.024       0.000000
-0.023       0.000000
-0.022       0.000000
-0.021       0.000000
-0.020       0.000000
-0.019       0.000000
-0.018       0.000000
-0.017       0.000000
-0.016       0.000000
-0.015       0.000000
-0.014       0.000000
-0.013       0.000000
-0.012       2.192090
-0.011       5.066506
-0.010       1.370481
-0.009       1.595004
-0.008       1.877578
-0.007       2.383956
-0.006       4.178911
-0.005       6.412941
-0.004       5.487402
-0.003       9.033604
-0.002       7.895932
-0.001      12.343734
 0.000      28.839324
 0.001      92.370225
 0.002      87.531815
 0.003       4.940148
 0.004       0.000000
 0.005       0.000000
 0.006       0.000000
 0.007       0.000000
 0.008       0.000000
 0.009       0.000000
 0.010       0.000000
 0.011       0.000000
 0.012       0.000000
 0.013       0.000000
 0.014       0.000000
 0.015       0.000000
 0.016       0.000000
 0.017       0.000000
 0.018       0.000000
 0.019       0.000000
 0.020       0.000000
 0.021       0.000000
 0.022       0.000000
 0.023       0.000000
 0.024       0.000000
 0.025       0.000000
-0.025       0.000000
-0.024       0.000000
-0.023       0.000000
-0.022       0.000000
-0.021       0.000000
-0.020       0.000000
-0.019       0.000000
-0.018       0.000000
-0.017       0.000000
-0.016       0.000000
-0.015       0.000000
-0.014       0.000000
-0.013       0.000000
-0.012       0.000000
-0.011       0.000000
-0.010       0.000000
-0.009       0.000000
-0.008       0.000000
-0.007       0.000000
-0.006       0.000000
-0.005       0.000000
-0.004       0.000000
-0.003       0.000000
-0.002       0.000000
-0.001       0.000000
 0.000       0.000000
 0.001       0.000000
 0.002       0.000000
 0.003       0.000000
 0.004       0.000000
 0.005       0.000000
 0.006       0.000000
 0.007       0.000000
 0.008       0.000000
 0.009       0.000000
 0.010       0.000000
 0.011       0.000000
 0.012       0.000000
 0.013       0.000000
 0.014       0.000000
 0.015       0.000000
 0.016       0.000000
 0.017       0.000000
 0.018       0.000000
 0.019       0.000000
 0.020       0.000000
 0.021       0.000000
 0.022       0.000000
 0.023       0.000000
 0.024       0.000000
 0.025       0.000000
-0.025       0.000000
-0.024       0.000000
-0.023       0.000000
-0.022       0.000000
-0.021       0.000000
-0.020       0.000000
-0.019       0.000000
-0.018       0.000000
-0.017       0.000000
-0.016       0.000000
-0.015       0.000000
-0.014       0.000000
-0.013       0.000000
-0.012       0.000000
-0.011       0.000000
-0.010       0.000000
-0.009       0.000000
-0.008       0.000000
-0.007       0.000000
-0.006       0.000000
-0.005       0.000000
-0.004       0.000000
-0.003       0.000000
-0.002       0.000000
-0.001       0.000000
 0.000       0.000000
 0.001       0.066608
 0.002       0.008303
 0.003       0.000000
 0.004       0.000000
 0.005       0.000000
 0.006       0.000000
 0.007       0.000000
 0.008       0.000000
 0.009       0.000000
 0.010       0.000000
 0.011       0.000000
 0.012       0.000000
 0.013       0.000000
 0.014       0.000000
 0.015       0.000000
 0.016       0.000000
 0.017       0.000000
 0.018       0.000000
 0.019       0.000000
 0.020       0.000000
 0.021       0.000000
 0.022       0.000000
 0.023       0.000000
 0.024       0.000000
 0.025       0.000000
