           1           2   1.00196574190840     
           2           3  0.985563988636899     
           3           4   1.00068257392292     
           4           5   1.00760240246115     
           2           6   1.27748313651364     
           5           6  0.962841660762062     
           2           7  0.196495647053582     
           6           7   1.62773095279969     
           1           8  0.974173807131242     
           1           9  0.978646150736330     
           1          10  0.973221442430545     
           3          11  0.965466844618524     
           3          12  0.970065492756183     
           4          13  0.978106100180002     
           4          14  0.979875175412423     
           5          15  0.969237084820947     
           5          16  0.956317022552109     
